$ 1 0.000005 10.20027730826997 50 5 43 5e-11
f 272 608 352 608 32 1.5 0.02
162 416 560 416 480 2 default-led 0 1 0 0.01
r 352 528 352 560 0 1000
w 352 512 352 528 0
w 352 560 352 592 0
g 352 624 352 656 0 0
r 272 608 272 688 0 1000
g 272 688 272 720 0 0
w 272 608 208 608 0
207 272 608 272 576 4 INPUT
w 176 608 0 608 0
w 0 608 0 576 0
w 0 608 -32 608 0
w 0 544 -112 544 0
w -112 480 0 480 0
w -32 608 -112 608 0
R 416 560 416 608 0 0 40 12 0 0 0.5
b -241 447 -93 581 0
s -144 480 -144 544 0 0 false
w -112 544 -144 544 0
w -144 480 -112 480 0
w 416 480 352 480 0
w 352 480 352 512 0
w 208 608 176 608 0
w 192 352 192 384 0
w 256 352 192 352 0
R 256 432 256 480 0 0 40 12 0 0 0.5
207 112 480 112 448 4 LEFT_BUTTON
w 112 480 48 480 0
r 112 480 112 560 0 1000
g 192 496 192 528 0 0
w 192 432 192 464 0
w 192 384 192 400 0
r 192 400 192 432 0 1000
162 256 432 256 352 2 default-led 0 1 0 0.01
f 112 480 192 480 32 1.5 0.02
w 0 576 0 544 0
w 0 480 48 480 0
w -144 256 -112 256 0
w -112 320 -144 320 0
s -144 256 -144 320 0 0 false
b -241 223 -93 357 0
w -112 256 0 256 0
w 0 320 -48 320 0
w 0 256 48 256 0
f 112 256 192 256 32 1.5 0.02
162 256 208 256 128 2 default-led 0 1 0 0.01
r 192 176 192 208 0 1000
w 192 160 192 176 0
w 192 208 192 240 0
g 192 272 192 304 0 0
r 112 256 112 336 0 1000
w 112 256 48 256 0
207 112 256 112 224 4 RIGHT_BUTTON
R 256 208 256 256 0 0 40 12 0 0 0.5
w 256 128 192 128 0
w 192 128 192 160 0
g 112 560 112 576 0 0
g 112 336 112 368 0 0
w -48 320 -112 320 0
w 0 320 0 480 0
w 0 96 0 256 0
w -48 96 -112 96 0
g 112 112 112 144 0 0
w 192 -96 192 -64 0
w 256 -96 192 -96 0
R 256 -16 256 32 0 0 40 12 0 0 0.5
207 112 32 112 0 4 INERTIA_SWITCH
w 112 32 48 32 0
r 112 32 112 112 0 1000
g 192 48 192 80 0 0
w 192 -16 192 16 0
w 192 -64 192 -48 0
r 192 -48 192 -16 0 1000
162 256 -16 256 -96 2 default-led 0 1 0 0.01
f 112 32 192 32 32 1.5 0.02
w 0 32 48 32 0
w 0 96 -48 96 0
w -112 32 0 32 0
b -241 -1 -93 133 0
s -144 32 -144 96 0 0 false
w -112 96 -144 96 0
w -144 32 -112 32 0
w -144 -192 -112 -192 0
w -112 -128 -144 -128 0
s -144 -192 -144 -128 0 0 false
b -241 -225 -93 -91 0
w -112 -192 0 -192 0
w 0 -128 -48 -128 0
w 0 -192 48 -192 0
f 112 -192 192 -192 32 1.5 0.02
162 256 -240 256 -320 2 default-led 0 1 0 0.01
r 192 -272 192 -240 0 1000
w 192 -288 192 -272 0
w 192 -240 192 -208 0
g 192 -176 192 -144 0 0
r 112 -192 112 -112 0 1000
w 112 -192 48 -192 0
207 112 -192 112 -224 4 COCKPIT_BUTTON
R 256 -240 256 -192 0 0 40 12 0 0 0.5
w 256 -320 192 -320 0
w 192 -320 192 -288 0
g 112 -112 112 -80 0 0
w -48 -128 -112 -128 0
w 0 -128 0 32 0
w 0 -352 0 -192 0
w -48 -352 -112 -352 0
g 112 -336 112 -304 0 0
w 192 -544 192 -512 0
w 256 -544 192 -544 0
R 256 -464 256 -416 0 0 40 12 0 0 0.5
207 112 -416 112 -448 4 BOTS
w 112 -416 48 -416 0
r 112 -416 112 -336 0 1000
g 192 -400 192 -368 0 0
w 192 -464 192 -432 0
w 192 -512 192 -496 0
r 192 -496 192 -464 0 1000
162 256 -464 256 -544 2 default-led 0 1 0 0.01
f 112 -416 192 -416 32 1.5 0.02
w 0 -416 48 -416 0
w 0 -352 -48 -352 0
w -112 -416 0 -416 0
b -241 -449 -93 -315 0
s -144 -416 -144 -352 0 0 false
w -112 -352 -144 -352 0
w -144 -416 -112 -416 0
w -144 -640 -112 -640 0
w -112 -576 -144 -576 0
s -144 -640 -144 -576 0 0 false
b -241 -673 -93 -539 0
w -112 -640 0 -640 0
w 0 -576 -48 -576 0
w 0 -640 48 -640 0
f 112 -640 192 -640 32 1.5 0.02
162 256 -688 256 -768 2 default-led 0 1 0 0.01
r 192 -720 192 -688 0 1000
w 192 -736 192 -720 0
w 192 -688 192 -656 0
g 192 -624 192 -592 0 0
r 112 -640 112 -560 0 1000
w 112 -640 48 -640 0
207 112 -640 112 -672 4 OUTPUT
R 256 -688 256 -640 0 0 40 12 0 0 0.5
w 256 -768 192 -768 0
w 192 -768 192 -736 0
g 112 -560 112 -528 0 0
w -48 -576 -112 -576 0
w 0 -576 0 -416 0
S -112 608 -112 752 0 1 false 0 2
g -96 752 -96 784 0 0
v -128 832 -128 752 0 0 40 12 0 0 0.5
g -128 832 -128 864 0 0
x -712 410 -191 413 4 24 Each\sof\sthese\sswitches\srepresents\srelays\stripping
